       Satname        Passed, GB     Camera, GB        Max, GB      Overloads         Input, GB/s        Output, GB/s    Storage, GB
KinoSat_110101           6334.87        6338.45        6763.50              0             0.50000             0.12500           1000
KinoSat_110102           6494.07        6496.98        6944.95              0             0.50000             0.12500           1000
KinoSat_110103           6561.62        6563.77        7088.69              0             0.50000             0.12500           1000
KinoSat_110104           6690.14        6693.47        7100.02              0             0.50000             0.12500           1000
KinoSat_110105           6761.31        6773.40        7135.25              0             0.50000             0.12500           1000
KinoSat_110106           6657.63        6677.19        7006.97              0             0.50000             0.12500           1000
KinoSat_110107           6558.41        6569.98        6875.59              0             0.50000             0.12500           1000
KinoSat_110108           6447.58        6450.01        6805.72              0             0.50000             0.12500           1000
KinoSat_110109           6488.47        6492.77        6797.84              0             0.50000             0.12500           1000
KinoSat_110110           6511.84        6515.31        6807.48              0             0.50000             0.12500           1000
KinoSat_110201           7967.11        7970.74        8455.12              0             0.50000             0.12500           1000
KinoSat_110202           7955.57        7958.56        8376.17              0             0.50000             0.12500           1000
KinoSat_110203           7932.34        7941.12        8388.39              0             0.50000             0.12500           1000
KinoSat_110204           7835.93        7845.35        8237.21              0             0.50000             0.12500           1000
KinoSat_110205           7607.60        7623.53        7996.77              0             0.50000             0.12500           1000
KinoSat_110206           7227.33        7256.88        7701.62              0             0.50000             0.12500           1000
KinoSat_110207           7270.59        7287.97        7762.45              0             0.50000             0.12500           1000
KinoSat_110208           7493.72        7495.69        8105.36              0             0.50000             0.12500           1000
KinoSat_110209           7707.72        7710.05        8332.28              0             0.50000             0.12500           1000
KinoSat_110210           7968.96        7970.90        8533.05              0             0.50000             0.12500           1000
KinoSat_110301           8807.50        8810.97        9442.03              0             0.50000             0.12500           1000
KinoSat_110302           8945.41        8948.06        9494.92              0             0.50000             0.12500           1000
KinoSat_110303           8996.94        9003.15        9491.35              0             0.50000             0.12500           1000
KinoSat_110304           8924.78        8941.42        9448.76              0             0.50000             0.12500           1000
KinoSat_110305           8807.72        8830.38        9397.14              0             0.50000             0.12500           1000
KinoSat_110306           8877.47        8903.00        9548.22              0             0.50000             0.12500           1000
KinoSat_110307           8947.94        8950.02        9484.71              0             0.50000             0.12500           1000
KinoSat_110308           8815.55        8817.36        9461.00              0             0.50000             0.12500           1000
KinoSat_110309           8819.68        8821.84        9324.21              0             0.50000             0.12500           1000
KinoSat_110310           8532.56        8534.90        9200.52              0             0.50000             0.12500           1000
KinoSat_110401          10276.88       10278.25       10997.81              0             0.50000             0.12500           1000
KinoSat_110402          10401.20       10402.73       10904.18              0             0.50000             0.12500           1000
KinoSat_110403          10048.39       10062.75       10612.75              0             0.50000             0.12500           1000
KinoSat_110404           9966.05        9985.67       10563.80              0             0.50000             0.12500           1000
KinoSat_110405           9777.70        9803.25       10375.66              0             0.50000             0.12500           1000
KinoSat_110406           9534.73        9542.55       10164.35              0             0.50000             0.12500           1000
KinoSat_110407           9449.59        9450.89       10203.99              0             0.50000             0.12500           1000
KinoSat_110408           9521.47        9523.17       10368.18              0             0.50000             0.12500           1000
KinoSat_110409           9898.76        9899.28       10815.52              0             0.50000             0.12500           1000
KinoSat_110410          10239.01       10239.97       11070.21              0             0.50000             0.12500           1000
KinoSat_110501          10226.46       10243.10       10893.19              0             0.50000             0.12500           1000
KinoSat_110502          10268.02       10308.99       10962.51              0             0.50000             0.12500           1000
KinoSat_110503          10063.31       10109.73       10963.13              0             0.50000             0.12500           1000
KinoSat_110504          10169.93       10201.57       11134.01              0             0.50000             0.12500           1000
KinoSat_110505          10158.59       10195.18       11209.68              0             0.50000             0.12500           1000
KinoSat_110506          10384.75       10392.76       11375.72              0             0.50000             0.12500           1000
KinoSat_110507          10761.68       10762.89       11563.05              0             0.50000             0.12500           1000
KinoSat_110508          10620.23       10623.35       11469.44              0             0.50000             0.12500           1000
KinoSat_110509          10620.18       10620.84       11356.95              0             0.50000             0.12500           1000
KinoSat_110510          10305.12       10306.24       11090.08              0             0.50000             0.12500           1000
KinoSat_110601           2297.05        2674.67       11917.22             77             0.50000             0.03125            500
KinoSat_110602           2326.05        2702.18       12032.66             85             0.50000             0.03125            500
KinoSat_110603           2324.11        2694.79       12149.38             88             0.50000             0.03125            500
KinoSat_110604           2321.46        2686.51       12047.92             83             0.50000             0.03125            500
KinoSat_110605           2283.64        2653.37       11685.51             66             0.50000             0.03125            500
KinoSat_110606           2270.04        2647.00       11431.35             76             0.50000             0.03125            500
KinoSat_110607           2279.67        2664.92       11298.52             66             0.50000             0.03125            500
KinoSat_110608           2303.75        2689.88       11527.38             72             0.50000             0.03125            500
KinoSat_110609           2303.18        2684.24       11779.21             77             0.50000             0.03125            500
KinoSat_110610           2285.74        2665.35       11785.64             60             0.50000             0.03125            500
KinoSat_110701           2324.69        2701.82       12435.02            168             0.50000             0.03125            500
KinoSat_110702           2340.82        2721.97       11960.32            176             0.50000             0.03125            500
KinoSat_110703           2326.15        2706.08       11823.72            169             0.50000             0.03125            500
KinoSat_110704           2378.99        2764.00       11974.18            168             0.50000             0.03125            500
KinoSat_110705           2372.32        2759.17       12168.90            145             0.50000             0.03125            500
KinoSat_110706           2337.24        2721.76       12207.64            163             0.50000             0.03125            500
KinoSat_110707           2373.65        2758.37       12285.63            164             0.50000             0.03125            500
KinoSat_110708           2369.43        2753.13       12662.06            169             0.50000             0.03125            500
KinoSat_110709           2389.93        2770.94       12938.66            188             0.50000             0.03125            500
KinoSat_110710           2373.77        2751.69       12859.54            169             0.50000             0.03125            500
KinoSat_110801           2355.29        2739.75       11862.72            170             0.50000             0.03125            500
KinoSat_110802           2350.65        2736.19       11903.61            166             0.50000             0.03125            500
KinoSat_110803           2399.29        2789.39       12100.23            179             0.50000             0.03125            500
KinoSat_110804           2397.96        2792.52       12373.52            178             0.50000             0.03125            500
KinoSat_110805           2403.99        2789.15       12364.51            170             0.50000             0.03125            500
KinoSat_110806           2410.38        2795.44       12398.50            181             0.50000             0.03125            500
KinoSat_110807           2416.90        2801.98       12374.31            195             0.50000             0.03125            500
KinoSat_110808           2381.59        2765.03       12194.77            177             0.50000             0.03125            500
KinoSat_110809           2345.28        2730.16       12141.55            183             0.50000             0.03125            500
KinoSat_110810           2346.53        2734.30       11989.66            168             0.50000             0.03125            500
KinoSat_110901           2373.58        2767.15       11690.03            259             0.50000             0.03125            500
KinoSat_110902           2370.10        2766.28       11668.19            249             0.50000             0.03125            500
KinoSat_110903           2406.14        2801.89       11701.63            244             0.50000             0.03125            500
KinoSat_110904           2412.88        2805.67       11614.18            230             0.50000             0.03125            500
KinoSat_110905           2417.05        2800.54       11395.01            242             0.50000             0.03125            500
KinoSat_110906           2404.95        2790.38       11291.29            232             0.50000             0.03125            500
KinoSat_110907           2400.78        2787.40       11476.75            228             0.50000             0.03125            500
KinoSat_110908           2407.48        2795.43       11874.85            238             0.50000             0.03125            500
KinoSat_110909           2432.85        2818.91       11996.65            251             0.50000             0.03125            500
KinoSat_110910           2382.13        2774.72       11797.80            250             0.50000             0.03125            500
KinoSat_111001           2379.54        2773.94       11356.24            280             0.50000             0.03125            500
KinoSat_111002           2451.93        2846.38       11223.96            269             0.50000             0.03125            500
KinoSat_111003           2456.33        2852.00       11228.03            237             0.50000             0.03125            500
KinoSat_111004           2459.29        2846.23       11300.18            243             0.50000             0.03125            500
KinoSat_111005           2449.16        2834.97       11463.90            247             0.50000             0.03125            500
KinoSat_111006           2440.31        2828.64       11858.57            263             0.50000             0.03125            500
KinoSat_111007           2461.01        2851.13       11967.41            278             0.50000             0.03125            500
KinoSat_111008           2472.40        2860.83       11904.60            282             0.50000             0.03125            500
KinoSat_111009           2488.22        2880.65       11899.88            274             0.50000             0.03125            500
KinoSat_111010           2421.97        2815.91       11610.35            265             0.50000             0.03125            500
KinoSat_111101           2402.80        2798.69       11192.68            268             0.50000             0.03125            500
KinoSat_111102           2492.66        2888.56       11347.90            289             0.50000             0.03125            500
KinoSat_111103           2447.19        2841.35       11483.32            273             0.50000             0.03125            500
KinoSat_111104           2497.55        2885.35       11629.93            280             0.50000             0.03125            500
KinoSat_111105           2486.04        2874.15       11733.42            277             0.50000             0.03125            500
KinoSat_111106           2436.05        2823.62       11602.63            289             0.50000             0.03125            500
KinoSat_111107           2466.66        2855.30       11648.16            311             0.50000             0.03125            500
KinoSat_111108           2422.57        2812.84       11465.81            279             0.50000             0.03125            500
KinoSat_111109           2447.43        2839.97       11338.32            270             0.50000             0.03125            500
KinoSat_111110           2441.62        2836.98       11372.47            255             0.50000             0.03125            500
KinoSat_111201           2466.69        2861.56       11741.98            272             0.50000             0.03125            500
KinoSat_111202           2488.83        2887.86       11836.35            273             0.50000             0.03125            500
KinoSat_111203           2510.10        2901.04       11594.59            268             0.50000             0.03125            500
KinoSat_111204           2506.05        2894.31       11468.64            290             0.50000             0.03125            500
KinoSat_111205           2449.36        2838.16       11337.24            287             0.50000             0.03125            500
KinoSat_111206           2488.93        2878.76       11325.01            280             0.50000             0.03125            500
KinoSat_111207           2450.63        2841.26       11565.40            300             0.50000             0.03125            500
KinoSat_111208           2471.60        2862.98       11677.53            283             0.50000             0.03125            500
KinoSat_111209           2509.21        2903.73       11662.71            300             0.50000             0.03125            500
KinoSat_111210           2482.20        2877.33       11697.29            284             0.50000             0.03125            500
KinoSat_111301           2512.03        2910.52       11895.48            300             0.50000             0.03125            500
KinoSat_111302           2529.44        2925.23       11584.14            277             0.50000             0.03125            500
KinoSat_111303           2561.19        2950.21       11476.12            273             0.50000             0.03125            500
KinoSat_111304           2491.48        2880.34       11524.44            277             0.50000             0.03125            500
KinoSat_111305           2538.73        2926.62       11841.07            281             0.50000             0.03125            500
KinoSat_111306           2544.67        2934.88       12082.75            300             0.50000             0.03125            500
KinoSat_111307           2575.21        2966.92       12232.32            299             0.50000             0.03125            500
KinoSat_111308           2606.26        2997.94       12369.42            312             0.50000             0.03125            500
KinoSat_111309           2547.01        2941.12       12349.69            293             0.50000             0.03125            500
KinoSat_111310           2488.09        2884.25       11996.27            280             0.50000             0.03125            500
KinoSat_111401           2525.81        2924.49       11706.59            281             0.50000             0.03125            500
KinoSat_111402           2534.51        2926.95       11752.14            279             0.50000             0.03125            500
KinoSat_111403           2543.62        2932.56       11794.91            281             0.50000             0.03125            500
KinoSat_111404           2529.42        2916.11       12095.64            280             0.50000             0.03125            500
KinoSat_111405           2579.01        2968.59       12354.70            296             0.50000             0.03125            500
KinoSat_111406           2607.91        2998.48       12638.81            319             0.50000             0.03125            500
KinoSat_111407           2585.61        2977.89       12421.30            322             0.50000             0.03125            500
KinoSat_111408           2532.25        2926.97       12114.44            317             0.50000             0.03125            500
KinoSat_111409           2517.38        2912.60       11793.83            299             0.50000             0.03125            500
KinoSat_111410           2482.20        2879.16       11625.75            282             0.50000             0.03125            500
KinoSat_111501           2556.45        2954.95       11981.79            267             0.50000             0.03125            500
KinoSat_111502           2562.54        2953.56       12200.77            282             0.50000             0.03125            500
KinoSat_111503           2577.17        2963.47       12312.84            301             0.50000             0.03125            500
KinoSat_111504           2585.20        2971.86       12204.15            311             0.50000             0.03125            500
KinoSat_111505           2553.23        2944.24       12270.49            302             0.50000             0.03125            500
KinoSat_111506           2550.93        2943.57       12178.50            311             0.50000             0.03125            500
KinoSat_111507           2537.05        2929.40       12027.36            316             0.50000             0.03125            500
KinoSat_111508           2522.44        2916.65       11925.59            306             0.50000             0.03125            500
KinoSat_111509           2489.66        2883.59       11648.16            287             0.50000             0.03125            500
KinoSat_111510           2508.60        2906.55       11763.74            261             0.50000             0.03125            500
KinoSat_111601           2545.43        2940.82       11889.59            258             0.50000             0.03125            500
KinoSat_111602           2561.79        2952.03       11772.00            272             0.50000             0.03125            500
KinoSat_111603           2568.79        2958.96       11698.58            268             0.50000             0.03125            500
KinoSat_111604           2554.68        2945.23       11874.22            270             0.50000             0.03125            500
KinoSat_111605           2630.85        3020.65       12048.23            280             0.50000             0.03125            500
KinoSat_111606           2476.68        2869.15       11828.61            287             0.50000             0.03125            500
KinoSat_111607           2529.37        2921.78       11834.42            274             0.50000             0.03125            500
KinoSat_111608           2517.27        2912.80       11949.87            274             0.50000             0.03125            500
KinoSat_111609           2550.43        2947.15       12114.76            276             0.50000             0.03125            500
KinoSat_111610           2579.77        2977.98       12175.40            265             0.50000             0.03125            500
KinoSat_111701           2569.17        2962.02       11685.98            250             0.50000             0.03125            500
KinoSat_111702           2604.64        2994.81       11608.91            252             0.50000             0.03125            500
KinoSat_111703           2555.13        2944.66       11506.39            248             0.50000             0.03125            500
KinoSat_111704           2545.23        2933.30       11856.88            265             0.50000             0.03125            500
KinoSat_111705           2606.56        2997.11       12226.84            263             0.50000             0.03125            500
KinoSat_111706           2560.56        2952.57       12479.13            272             0.50000             0.03125            500
KinoSat_111707           2548.75        2943.35       12343.81            276             0.50000             0.03125            500
KinoSat_111708           2502.30        2898.86       11806.01            259             0.50000             0.03125            500
KinoSat_111709           2538.41        2936.21       11757.38            270             0.50000             0.03125            500
KinoSat_111710           2521.89        2920.86       11586.74            250             0.50000             0.03125            500
KinoSat_111801           2544.16        2933.80       11550.50            219             0.50000             0.03125            500
KinoSat_111802           2554.10        2945.07       11882.95            241             0.50000             0.03125            500
KinoSat_111803           2551.93        2940.30       12275.08            269             0.50000             0.03125            500
KinoSat_111804           2571.29        2962.19       12533.49            262             0.50000             0.03125            500
KinoSat_111805           2609.84        3001.90       12218.84            245             0.50000             0.03125            500
KinoSat_111806           2542.15        2936.63       12155.46            237             0.50000             0.03125            500
KinoSat_111807           2557.21        2951.82       11866.34            226             0.50000             0.03125            500
KinoSat_111808           2536.47        2932.84       11750.78            238             0.50000             0.03125            500
KinoSat_111809           2585.11        2983.61       11649.70            219             0.50000             0.03125            500
KinoSat_111810           2576.33        2975.44       11297.14            210             0.50000             0.03125            500
KinoSat_111901           2665.34        3057.11       12019.58            195             0.50000             0.03125            500
KinoSat_111902           2644.34        3032.45       11884.48            205             0.50000             0.03125            500
KinoSat_111903           2585.31        2975.58       12062.30            201             0.50000             0.03125            500
KinoSat_111904           2664.20        3056.16       12158.97            196             0.50000             0.03125            500
KinoSat_111905           2710.85        3108.41       12182.44            213             0.50000             0.03125            500
KinoSat_111906           2629.23        3023.65       11867.92            191             0.50000             0.03125            500
KinoSat_111907           2585.98        2982.48       11576.12            201             0.50000             0.03125            500
KinoSat_111908           2602.16        2999.25       11598.64            193             0.50000             0.03125            500
KinoSat_111909           2610.21        3010.05       11850.23            182             0.50000             0.03125            500
KinoSat_111910           2657.75        3051.95       12097.46            202             0.50000             0.03125            500
KinoSat_112001           2771.49        3163.94       11740.97            183             0.50000             0.03125            500
KinoSat_112002           2790.68        3184.79       11890.85            179             0.50000             0.03125            500
KinoSat_112003           2808.43        3197.72       11987.04            181             0.50000             0.03125            500
KinoSat_112004           2770.73        3163.96       12244.28            213             0.50000             0.03125            500
KinoSat_112005           2761.90        3157.65       12098.68            209             0.50000             0.03125            500
KinoSat_112006           2760.09        3154.74       12067.05            196             0.50000             0.03125            500
KinoSat_112007           2750.61        3146.58       12061.30            183             0.50000             0.03125            500
KinoSat_112008           2757.85        3155.72       11970.07            190             0.50000             0.03125            500
KinoSat_112009           2718.91        3119.75       11912.46            195             0.50000             0.03125            500
KinoSat_112010           2697.88        3090.99       11665.36            194             0.50000             0.03125            500
